53693
5789
47768
40308
14002
48684
51677
64316
45738
945
27855
49283
60782
53039
7876
55878
45726
32700
39459
31960
51690
18220
56356
4717
5162
8397
34722
49488
9458
60941
64744
5593
23872
19144
44760
50100
19645
1578
10980
27179
44396
36734
44175
39676
54218
64452
51623
60734
64808
29783
22063
3027
49165
61549
8104
21201
38246
7270
2073
15062
63318
52183
24681
48894
38613
12450
55490
13512
41839
17234
28565
32595
59695
4241
50293
41924
51781
29675
53082
47319
31788
49899
55337
59351
26541
29058
31243
6165
19378
44632
61104
65000
859
16326
35963
37193
7622
34702
1357
47408
51645
5413
34398
3276
112
34326
34523
461
37268
62175
42488
26806
4924
45241
41186
33679
33019
47933
13030
10648
33266
64950
347
13447
18806
29190
60127
42560
21616
33412
34427
39128
52361
31242
38915
50056
57519
10695
996
32461
35489
4287
16483
11870
3717
304
51868
15585
17831
60003
10070
51912
44789
34751
22853
28525
1118
1952
33142
28833
6277
3769
44322
58737
5601
20801
52654
47255
9764
6743
23280
41905
27734
54657
48943
8002
472
55710
24641
56048
41884
10333
49273
54888
12792
27731
62852
40862
28410
14297
22197
57036
2606
36231
23765
14660
61333
32638
44324
1385
44338
36222
42958
24561
12421
3293
59497
48131
50844
15249
56274
16644
46795
26654
23094
13477
48492
36374
33803
5519
36703
39048
65166
4249
5226
31429
24350
17289
24724
58870
22763
53501
23063
162
55582
19781
27557
42733
15743
9769
59981
41792
18258
27189
62820
23683
60251
15829
12072
32265
23998
53725
63620
36460
37385
23053
63673
41576
13790
15866
11048
31657
55177
25713
846
30668
7909
60993
55020
48367
30093
53178
31690
63885
51431
41396
18194
12349
11736
56922
44861
13870
35627
47917
23273
39863
36674
157
46353
64202
61218
61034
29439
4548
49397
35680
61735
49974
8626
42791
52453
58399
56701
26337
19716
45499
63083
61777
42296
8122
31445
14097
61862
28196
6365
60577
7856
64579
40142
16702
64193
65312
44809
18979
32199
1910
32365
5044
19874
51382
5029
42427
62115
21474
40935
47333
57401
36052
47181
43315
2248
42435
42154
3128
2929
6419
48424
29709
62524
43033
14927
57940
39318
45060
41442
38157
57981
32142
3447
63466
19137
65233
37519
38673
61759
31526
19100
15564
428
65435
19985
58482
50046
43941
42650
56167
36891
31048
40899
44263
42234
15935
25058
38266
1125
52156
40562
52073
41332
12318
22996
43632
36638
17046
44552
56503
38779
36658
34443
13258
64263
32438
7349
55047
31090
54217
15321
20933
16569
41289
7194
65027
52615
23695
39767
19551
34108
48925
33623
20455
47610
11941
46485
30685
63228
54356
38571
34483
16331
31841
26873
63781
33261
9640
23196
15780
10536
28904
4740
34622
62551
22018
20440
54773
39210
12562
16218
47484
58297
48147
44691
35262
54626
48175
641
42579
64610
43209
9548
14738
4238
7275
63491
50022
5045
52660
16524
23890
25292
3247
11892
10880
9249
12563
48972
12614
44366
31588
20639
62504
24581
8427
54187
38347
30057
44212
22240
52430
16396
28758
54169
2526
15190
52432
6148
41899
37965
44791
51124
18717
35869
40776
37345
21708
914
6339
46249
52557
48023
15335
48604
32524
27449
37866
20367
34812
50000
12211
11008
8103
58048
31886
7157
38252
35954
49472
19709
23586
62040
59634
59658
33925
2188
24536
54429
45486
48737
25551
55856
54416
16820
18385
34604
56403
62581
41496
46024
47905
10981
59965
9558
49545
27640
25840
44636
20131
21859
15380
52912
64860
21074
30847
13649
41199
29589
31051
24542
13445
2429
25182
2479
15702
49713
22334
62792
39070
30361
6757
50917
60814
3122
39781
53322
51971
57209
52659
8322
28091
61444
41400
14110
16823
34764
8014
29140
43028
51797
7140
32117
46695
33031
30369
5732
16771
64449
59810
52623
35984
16982
55556
46430
4307
56950
27424
44012
44187
21216
51566
51771
50682
10323
61566
47034
30876
13905
48428
54302
23735
38742
52025
37747
23181
54717
4925
12463
10456
52600
18316
17713
20336
40191
7478
11420
12995
48524
19723
426
8067
63170
14413
43294
19651
45115
52717
8834
26362
13577
17143
49159
24697
55025
9466
15890
9705
32898
27938
58630
62457
59251
24235
33812
52625
54424
37291
40656
4727
60465
23483
65337
38671
43319
43227
3400
39909
64846
31318
55816
55441
50898
20894
25276
35513
43183
11085
46517
50124
6836
23024
48754
52189
61565
30631
57598
39894
57677
48211
62619
20738
22459
63561
2426
592
14662
44958
28454
20052
40575
15219
22724
54525
24503
35477
27826
46735
37381
10753
35123
2172
62666
58131
46354
15063
30528
17389
11934
31113
26841
19764
28069
43020
29253
28874
59038
31534
39555
58829
38135
53241
57823
47443
59321
47539
9380
15378
11944
17807
36461
4639
53815
46670
25887
52178
16492
40527
59245
1699
22505
35397
29617
27977
6941
34414
53458
24087
1282
21289
63721
36975
24397
45459
37477
50200
48583
1793
39029
42374
56999
62517
63504
27508
14840
28291
57798
33109
1197
27823
11930
55706
49234
29307
40147
55595
45406
5491
21569
56972
20518
21819
56844
32034
58478
56189
26624
574
59224
64184
10559
30953
36930
6982
42091
64290
60066
53324
11035
26538
4492
19170
35549
59045
46898
34183
24069
11526
61790
5417
63058
32070
43620
18178
22578
40951
53482
21014
33380
17766
7545
50821
919
14534
37912
48373
36246
46284
849
45010
17698
59234
46770
48641
36310
61124
56301
11531
324
60569
4785
31525
35457
42158
44075
41978
9820
19550
1322
14119
52640
34960
18422
21299
242
60185
10198
59340
8096
33486
19559
35133
14459
38168
43639
61200
29311
15552
29088
36369
58373
9574
7575
13727
59364
31662
46983
21656
37254
56027
1935
34166
29953
37554
47893
22248
7377
39181
58637
58363
42512
26231
59415
2578
8597
29496
4164
64371
22707
13029
59781
6544
20529
23866
23754
57690
46162
30301
52602
1927
21865
44032
2025
35703
63782
16880
48586
63259
25029
16741
55492
54480
7100
40813
1525
38965
65422
1563
30444
48246
24719
40443
43943
59025
52031
29547
57950
2434
31069
55241
15993
56306
62741
23171
58810
29423
31179
29402
34256
3084
30588
61439
371
20617
31807
27385
62052
17632
50919
44421
7274
30741
19292
23874
2755
48768
8388
55211
36971
65374
6424
44330
13678
52448
50202
64972
5977
31493
16016
18662
8591
35619
27442
33768
3820
48928
44883
59440
56845
64820
27732
38282
44919
64562
39630
20447
46587
43459
41946
37453
40982
34958
8190
32974
18214
19504
56116
25089
35769
48685
18891
29446
64605
50374
37571
48405
22537
21483
53230
59870
15253
31681
59791
35204
39272
11025
63422
55509
15561
8617
57130
16297
53875
19541
5416
30276
62844
58515
32885
42558
57953
25997
52946
21326
30462
38002
49912
28731
52634
50330
53448
42508
32372
11186
44726
7594
6555
16435
7257
25622
36185
29649
33616
12265
35091
48237
6274
28343
40395
30649
47350
18475
42649
7034
2169
54479
50082
50346
3286
63595
64864
65088
22418
7249
46089
21592
59018
45874
32807
54322
39082
2708
60553
31422
51466
33841
22917
6241
28087
32776
53298
40202
32931
22821
33140
12458
2269
60873
13876
29488
49243
8818
52712
647
17995
17585
29942
20268
57076
1583
2785
19098
56532
47487
9124
9329
788
54751
48431
5123
50389
15057
38744
64318
62113
5097
36799
23445
31535
6805
28151
55808
2190
8147
50373
21214
9591
62862
3978
42915
16882
64961
59203
33461
55923
20101
362
26767
40747
49125
63578
41320
10269
39537
3796
45857
10293
65151
15261
43998
12430
7391
43274
34015
43679
64530
11999
41879
14431
33050
61108
24059
43984
137
32013
57454
57053
57911
46994
7314
792
42451
52389
48663
1473
58424
2402
47680
21096
13429
41583
21968
3347
47584
54974
52963
3910
41123
22929
53373
30483
45559
56431
22631
36341
39624
44999
3368
30204
51642
29995
46775
40452
44391
40828
60908
41504
49097
15431
15530
4013
29628
40275
58029
25229
54961
32498
59054
42800
50404
26329
16645
14045
57380
5313
62418
17248
62336
12652
35147
24181
43792
30597
5348
26566
36761
3996
12212
19214
12110
28680
53657
671
65115
12191
61213
33381
50544
38211
34930
50400
50890
59790
2450
4434
26086
12489
9945
16735
38094
17390
61059
57835
50526
4437
1512
32
46097
60488
36260
10457
19822
53174
3014
34823
25331
24736
39419
44551
27814
32403
34977
7166
34158
52497
63900
8446
39841
1877
2657
26526
28033
48142
13958
49697
16177
18279
38446
35762
44591
2216
19418
36958
837
26574
24454
